---- LUDO SAVE FILE v1 ----
PLAYERS 4
PLAYER 0 Player 1 0
TOKEN 0 -1 0 0
TOKEN 1 6 1 0
TOKEN 2 -1 0 0
TOKEN 3 41 1 0
PLAYER 1 Player 2 1
TOKEN 0 24 1 0
TOKEN 1 -1 0 0
TOKEN 2 -1 0 0
TOKEN 3 19 1 0
PLAYER 2 Player 3 2
TOKEN 0 39 1 0
TOKEN 1 38 1 0
TOKEN 2 30 1 0
TOKEN 3 -1 0 0
PLAYER 3 Player 4 3
TOKEN 0 7 1 0
TOKEN 1 -1 0 0
TOKEN 2 -1 0 0
TOKEN 3 33 1 0
CURRENT_PLAYER 0
CONSECUTIVE_SIXES 1
LAST_ROLL 6
ROLLED_THIS_TURN 0
HISTORY_COUNT 116
MOVE 1 0 -1 13 0 1 0 0 6 -1 -1 -1
MOVE 1 0 13 17 1 1 0 0 4 -1 -1 -1
MOVE 1 0 17 19 1 1 0 0 2 -1 -1 -1
MOVE 1 0 19 20 1 1 0 0 1 -1 -1 -1
MOVE 2 1 -1 26 0 1 0 0 6 -1 -1 -1
MOVE 2 1 26 27 1 1 0 0 1 -1 -1 -1
MOVE 1 0 20 25 1 1 0 0 5 -1 -1 -1
MOVE 2 0 -1 26 0 1 0 0 6 -1 -1 -1
MOVE 2 2 -1 26 0 1 0 0 6 -1 -1 -1
MOVE 2 1 27 30 1 1 0 0 3 -1 -1 -1
MOVE 0 3 -1 0 0 1 0 0 6 -1 -1 -1
MOVE 0 3 0 3 1 1 0 0 3 -1 -1 -1
MOVE 1 2 -1 13 0 1 0 0 6 -1 -1 -1
MOVE 1 2 13 15 1 1 0 0 2 -1 -1 -1
MOVE 2 1 30 34 1 1 0 0 4 -1 -1 -1
MOVE 3 1 -1 39 0 1 0 0 6 -1 -1 -1
MOVE 3 1 39 40 1 1 0 0 1 -1 -1 -1
MOVE 0 3 3 7 1 1 0 0 4 -1 -1 -1
MOVE 1 2 15 18 1 1 0 0 3 -1 -1 -1
MOVE 2 1 34 39 1 1 0 0 5 -1 -1 -1
MOVE 3 1 40 44 1 1 0 0 4 -1 -1 -1
MOVE 0 3 7 10 1 1 0 0 3 -1 -1 -1
MOVE 1 2 18 20 1 1 0 0 2 -1 -1 -1
MOVE 2 0 26 28 1 1 0 0 2 -1 -1 -1
MOVE 3 1 44 46 1 1 0 0 2 -1 -1 -1
MOVE 0 3 10 11 1 1 0 0 1 -1 -1 -1
MOVE 1 2 20 22 1 1 0 0 2 -1 -1 -1
MOVE 2 2 26 32 1 1 0 0 6 -1 -1 -1
MOVE 2 2 32 36 1 1 0 0 4 -1 -1 -1
MOVE 3 3 -1 39 0 1 0 0 6 -1 -1 -1
MOVE 3 3 39 40 1 1 0 0 1 -1 -1 -1
MOVE 0 3 11 14 1 1 0 0 3 -1 -1 -1
MOVE 1 0 25 30 1 1 0 0 5 -1 -1 -1
MOVE 2 0 28 30 1 1 0 0 2 1 0 30
MOVE 2 0 30 35 1 1 0 0 5 -1 -1 -1
MOVE 3 1 46 49 1 1 0 0 3 -1 -1 -1
MOVE 0 3 14 16 1 1 0 0 2 -1 -1 -1
MOVE 1 2 22 27 1 1 0 0 5 -1 -1 -1
MOVE 2 0 35 41 1 1 0 0 6 -1 -1 -1
MOVE 2 1 39 42 1 1 0 0 3 -1 -1 -1
MOVE 3 3 40 41 1 1 0 0 1 2 0 41
MOVE 3 3 41 46 1 1 0 0 5 -1 -1 -1
MOVE 0 3 16 20 1 1 0 0 4 -1 -1 -1
MOVE 1 2 27 28 1 1 0 0 1 -1 -1 -1
MOVE 2 1 42 44 1 1 0 0 2 -1 -1 -1
MOVE 3 0 -1 39 0 1 0 0 6 -1 -1 -1
MOVE 3 3 46 47 1 1 0 0 1 -1 -1 -1
MOVE 0 3 20 22 1 1 0 0 2 -1 -1 -1
MOVE 1 2 28 34 1 1 0 0 6 -1 -1 -1
MOVE 1 2 34 36 1 1 0 0 2 2 2 36
MOVE 1 2 36 41 1 1 0 0 5 -1 -1 -1
MOVE 2 1 44 46 1 1 0 0 2 -1 -1 -1
MOVE 3 3 47 51 1 1 0 0 4 -1 -1 -1
MOVE 0 3 22 23 1 1 0 0 1 -1 -1 -1
MOVE 1 2 41 44 1 1 0 0 3 -1 -1 -1
MOVE 2 1 46 0 1 1 0 0 6 -1 -1 -1
MOVE 2 1 0 4 1 1 0 0 4 -1 -1 -1
MOVE 3 1 49 3 1 1 0 0 6 -1 -1 -1
MOVE 3 3 51 4 1 1 0 0 5 2 1 4
MOVE 3 0 39 44 1 1 0 0 5 1 2 44
MOVE 3 0 44 49 1 1 0 0 5 -1 -1 -1
MOVE 0 2 -1 0 0 1 0 0 6 -1 -1 -1
MOVE 0 3 23 25 1 1 0 0 2 -1 -1 -1
MOVE 2 1 -1 26 0 1 0 0 6 -1 -1 -1
MOVE 2 1 26 29 1 1 0 0 3 -1 -1 -1
MOVE 3 1 3 4 1 1 0 0 1 -1 -1 -1
MOVE 0 3 25 26 1 1 0 0 1 -1 -1 -1
MOVE 2 1 29 30 1 1 0 0 1 -1 -1 -1
MOVE 3 0 49 50 1 1 0 0 1 -1 -1 -1
MOVE 0 3 26 28 1 1 0 0 2 -1 -1 -1
MOVE 2 1 30 35 1 1 0 0 5 -1 -1 -1
MOVE 3 0 50 1 1 1 0 0 3 -1 -1 -1
MOVE 0 3 28 31 1 1 0 0 3 -1 -1 -1
MOVE 1 2 -1 13 0 1 0 0 6 -1 -1 -1
MOVE 1 2 13 16 1 1 0 0 3 -1 -1 -1
MOVE 2 0 -1 26 0 1 0 0 6 -1 -1 -1
MOVE 2 0 26 30 1 1 0 0 4 -1 -1 -1
MOVE 3 0 1 2 1 1 0 0 1 -1 -1 -1
MOVE 0 2 0 4 1 1 0 0 4 3 1 4
MOVE 0 1 -1 0 0 1 0 0 6 -1 -1 -1
MOVE 0 2 4 7 1 1 0 0 3 -1 -1 -1
MOVE 1 2 16 22 1 1 0 0 6 -1 -1 -1
MOVE 1 2 22 26 1 1 0 0 4 -1 -1 -1
MOVE 2 0 30 32 1 1 0 0 2 -1 -1 -1
MOVE 3 3 4 5 1 1 0 0 1 -1 -1 -1
MOVE 0 2 7 8 1 1 0 0 1 -1 -1 -1
MOVE 1 3 -1 13 0 1 0 0 6 -1 -1 -1
MOVE 1 3 13 15 1 1 0 0 2 -1 -1 -1
MOVE 2 0 32 34 1 1 0 0 2 -1 -1 -1
MOVE 3 3 5 8 1 1 0 0 3 -1 -1 -1
MOVE 0 2 8 12 1 1 0 0 4 -1 -1 -1
MOVE 1 3 15 19 1 1 0 0 4 -1 -1 -1
MOVE 2 1 35 36 1 1 0 0 1 -1 -1 -1
MOVE 3 3 8 11 1 1 0 0 3 -1 -1 -1
MOVE 0 1 0 5 1 1 0 0 5 -1 -1 -1
MOVE 1 0 -1 13 0 1 0 0 6 -1 -1 -1
MOVE 1 0 13 15 1 1 0 0 2 -1 -1 -1
MOVE 2 1 36 38 1 1 0 0 2 -1 -1 -1
MOVE 3 3 11 13 1 1 0 0 2 -1 -1 -1
MOVE 0 2 12 16 1 1 0 0 4 -1 -1 -1
MOVE 1 0 15 19 1 1 0 0 4 -1 -1 -1
MOVE 2 0 34 39 1 1 0 0 5 -1 -1 -1
MOVE 3 3 13 16 1 1 0 0 3 0 2 16
MOVE 3 3 16 22 1 1 0 0 6 -1 -1 -1
MOVE 3 0 2 7 1 1 0 0 5 -1 -1 -1
MOVE 0 1 5 6 1 1 0 0 1 -1 -1 -1
MOVE 1 0 19 24 1 1 0 0 5 -1 -1 -1
MOVE 2 2 -1 26 0 1 0 0 6 -1 -1 -1
MOVE 2 2 26 27 1 1 0 0 1 -1 -1 -1
MOVE 3 3 22 26 1 1 0 0 4 -1 -1 -1
MOVE 0 3 31 35 1 1 0 0 4 -1 -1 -1
MOVE 1 2 26 28 1 1 0 0 2 -1 -1 -1
MOVE 2 2 27 30 1 1 0 0 3 -1 -1 -1
MOVE 3 3 26 28 1 1 0 0 2 1 2 28
MOVE 3 3 28 33 1 1 0 0 5 -1 -1 -1
MOVE 0 3 35 41 1 1 0 0 6 -1 -1 -1
---- END ----
